/*--------------------------------*- C++ -*----------------------------------*\
| =========                 |                                                 |
| \\      /  F ield         | OpenFOAM: The Open Source CFD Toolbox           |
|  \\    /   O peration     | Version:  v1812                                 |
|   \\  /    A nd           | Web:      www.OpenFOAM.com                      |
|    \\/     M anipulation  |                                                 |
\*---------------------------------------------------------------------------*/
FoamFile
{
    version     2.0;
    format      ascii;
    class       volScalarField;
    location    "0";
    object      cellSqrSearchDist;
}
// * * * * * * * * * * * * * * * * * * * * * * * * * * * * * * * * * * * * * //

dimensions      [-0 2 -0 -0 -0 -0 -0];


internalField   nonuniform List<scalar> 
256
(
0.00244140625
0.003173828125
0.003173828125
0.003173828125
0.003173828125
0.003173828125
0.003173828125
0.003173828125
0.003173828125
0.003173828125
0.003173828125
0.003173828125
0.003173828125
0.00317382812500001
0.00317382812500001
0.00244140624999999
0.003173828125
0.00390625
0.00390625
0.00390625
0.00390625
0.00390625
0.00390625
0.00390625000000001
0.00390625
0.00390625
0.00390625
0.00390625
0.00390625
0.00390625
0.00390625000000001
0.00317382812499999
0.003173828125
0.00390625
0.00390625
0.00390625
0.00390625
0.00390625
0.00390625
0.00390625
0.00390625
0.00390625
0.00390625
0.00390625
0.00390625
0.00390625
0.00390624999999999
0.003173828125
0.003173828125
0.00390625
0.00390625
0.00390625
0.00390625
0.00390625
0.00390625
0.00390625000000001
0.00390625
0.00390625
0.00390625
0.00390624999999999
0.00390625
0.00390625
0.00390625000000001
0.00317382812500001
0.003173828125
0.00390625
0.00390625
0.00390625
0.00390625
0.00390625
0.00390625
0.00390625000000001
0.00390625
0.00390625
0.00390625
0.00390625
0.00390625
0.00390625000000001
0.00390625000000001
0.00317382812499999
0.003173828125
0.00390625
0.00390625
0.00390625
0.00390625
0.00390624999999999
0.00390625
0.00390625
0.00390625
0.00390625
0.00390624999999999
0.00390624999999999
0.00390625
0.00390625
0.00390625
0.003173828125
0.003173828125
0.00390625
0.00390625
0.00390625
0.00390625
0.00390625
0.00390625
0.00390625
0.00390625000000001
0.00390625000000001
0.00390625
0.00390624999999999
0.00390625
0.00390625
0.00390625000000001
0.003173828125
0.003173828125
0.00390625000000001
0.00390625
0.00390625
0.00390625000000001
0.00390625
0.00390625
0.00390625000000001
0.00390625000000001
0.00390625000000001
0.00390625
0.00390625
0.00390625000000001
0.00390625
0.00390625000000001
0.00317382812500001
0.003173828125
0.00390625
0.00390625
0.00390625
0.00390625
0.00390624999999999
0.00390625
0.00390625000000001
0.00390625
0.00390625
0.00390624999999999
0.00390625
0.00390625
0.00390625000000001
0.00390625000000001
0.00317382812499999
0.003173828125
0.00390625
0.00390624999999999
0.00390625
0.00390625
0.00390624999999999
0.00390625000000001
0.00390625000000001
0.00390625
0.00390625
0.00390625
0.00390625
0.00390625
0.00390625
0.00390625000000001
0.00317382812499999
0.003173828125
0.00390625
0.00390625
0.00390625
0.00390624999999999
0.00390624999999999
0.00390625
0.00390625
0.00390625
0.00390625
0.00390624999999999
0.00390625
0.00390624999999999
0.00390625
0.00390625
0.00317382812499999
0.003173828125
0.00390625
0.00390625
0.00390625
0.00390625
0.00390624999999999
0.00390624999999999
0.00390625
0.00390625
0.00390625
0.00390624999999999
0.00390624999999999
0.00390625
0.00390624999999999
0.00390625
0.003173828125
0.003173828125
0.00390625
0.00390625
0.00390624999999999
0.00390625
0.00390625
0.00390625
0.00390625000000001
0.00390625
0.00390625
0.00390625
0.00390625
0.00390625
0.00390625
0.00390625
0.003173828125
0.00317382812500001
0.00390625
0.00390625
0.00390625
0.00390625
0.00390625
0.00390625
0.00390625
0.00390625000000001
0.00390625
0.00390624999999999
0.00390624999999999
0.00390625
0.00390625
0.00390625
0.00317382812500001
0.00317382812500001
0.00390625000000001
0.00390624999999999
0.00390625000000001
0.00390625000000001
0.00390624999999999
0.00390625
0.00390625000000001
0.00390625000000001
0.00390625000000001
0.00390625000000001
0.00390625
0.00390625000000001
0.00390625
0.00390625000000001
0.00317382812500001
0.00244140624999999
0.003173828125
0.003173828125
0.00317382812500001
0.003173828125
0.00317382812499999
0.003173828125
0.00317382812500001
0.003173828125
0.003173828125
0.003173828125
0.003173828125
0.003173828125
0.00317382812500001
0.00317382812500001
0.00244140625
)
;

boundaryField
{
    left
    {
        type            calculated;
        value           nonuniform List<scalar> 
16
(
0.000976562499999993
0.000976562499999993
0.000976562500000007
0.000976562499999993
0.000976562499999993
0.000976562500000007
0.000976562500000007
0.000976562499999993
0.000976562499999993
0.000976562499999993
0.000976562499999993
0.000976562499999993
0.000976562499999993
0.000976562499999993
0.000976562499999993
0.000976562499999993
)
;
    }
    right
    {
        type            calculated;
        value           nonuniform List<scalar> 
16
(
0.0009765625
0.0009765625
0.0009765625
0.0009765625
0.0009765625
0.0009765625
0.0009765625
0.0009765625
0.0009765625
0.0009765625
0.0009765625
0.0009765625
0.0009765625
0.0009765625
0.0009765625
0.0009765625
)
;
    }
    front
    {
        type            calculated;
        value           nonuniform List<scalar> 
16
(
0.0009765625
0.0009765625
0.0009765625
0.0009765625
0.0009765625
0.0009765625
0.0009765625
0.0009765625
0.0009765625
0.0009765625
0.0009765625
0.0009765625
0.0009765625
0.0009765625
0.0009765625
0.0009765625
)
;
    }
    back
    {
        type            calculated;
        value           nonuniform List<scalar> 
16
(
0.000976562499999993
0.000976562499999993
0.000976562500000007
0.000976562499999993
0.000976562499999993
0.000976562500000007
0.000976562499999993
0.000976562499999993
0.000976562499999993
0.000976562499999993
0.000976562499999993
0.000976562499999993
0.000976562499999993
0.000976562499999993
0.000976562499999993
0.000976562499999993
)
;
    }
    emptyPatch
    {
        type            empty;
    }
}


// ************************************************************************* //
