/*--------------------------------*- C++ -*----------------------------------*\
| =========                 |                                                 |
| \\      /  F ield         | OpenFOAM: The Open Source CFD Toolbox           |
|  \\    /   O peration     | Version:  v1812                                 |
|   \\  /    A nd           | Web:      www.OpenFOAM.com                      |
|    \\/     M anipulation  |                                                 |
\*---------------------------------------------------------------------------*/
FoamFile
{
    version     2.0;
    format      ascii;
    class       pointScalarField;
    location    "0";
    object      pointSqrSearchDist;
}
// * * * * * * * * * * * * * * * * * * * * * * * * * * * * * * * * * * * * * //

dimensions      [0 1 0 0 0 0 0];


internalField   nonuniform List<scalar> 
578
(
0.0009765625
0.0009765625
0.0009765625
0.0009765625
0.0009765625
0.0009765625
0.0009765625
0.0009765625
0.0009765625
0.0009765625
0.0009765625
0.0009765625
0.0009765625
0.0009765625
0.0009765625
0.0009765625
0.000976562499999997
0.0009765625
0.003173828125
0.0035400390625
0.0035400390625
0.0035400390625
0.0035400390625
0.0035400390625
0.0035400390625
0.0035400390625
0.0035400390625
0.0035400390625
0.0035400390625
0.0035400390625
0.0035400390625
0.00354003906250001
0.003173828125
0.000976562499999993
0.0009765625
0.0035400390625
0.00390625
0.00390625
0.00390625
0.00390625
0.00390625
0.00390625
0.00390625
0.00390625
0.00390625
0.00390625
0.00390625
0.00390625
0.00390625
0.0035400390625
0.0009765625
0.0009765625
0.0035400390625
0.00390625
0.00390625
0.00390625
0.00390625
0.00390625
0.00390625
0.00390625
0.00390625
0.00390625
0.00390625
0.00390625
0.00390625
0.00390625
0.0035400390625
0.0009765625
0.0009765625
0.0035400390625
0.00390625
0.00390625
0.00390625
0.00390625
0.00390625
0.00390625
0.00390625
0.00390625
0.00390625
0.00390625
0.00390625
0.00390625
0.00390625000000001
0.0035400390625
0.000976562499999993
0.0009765625
0.0035400390625
0.00390625
0.00390625
0.00390625
0.00390625
0.00390625
0.00390625
0.00390625
0.00390625
0.00390624999999999
0.00390624999999999
0.00390625
0.00390625
0.00390625
0.0035400390625
0.0009765625
0.0009765625
0.0035400390625
0.00390625
0.00390625
0.00390625
0.00390625
0.00390625
0.00390625
0.00390625
0.00390625
0.00390625
0.00390624999999999
0.00390625
0.00390625
0.00390625
0.0035400390625
0.0009765625
0.0009765625
0.0035400390625
0.00390625
0.00390625
0.00390625
0.00390625
0.00390625
0.00390625
0.00390625000000001
0.00390625000000001
0.00390625
0.00390625
0.00390625
0.00390625000000001
0.00390625000000001
0.00354003906250001
0.000976562499999993
0.0009765625
0.0035400390625
0.00390625
0.00390625
0.00390625
0.00390625
0.00390625
0.00390625
0.00390625000000001
0.00390625
0.00390625
0.00390625
0.00390625
0.00390625
0.00390625
0.0035400390625
0.000976562499999993
0.0009765625
0.0035400390625
0.00390625
0.00390625
0.00390625
0.00390625
0.00390625
0.00390625000000001
0.00390625
0.00390625
0.00390625
0.00390625
0.00390625
0.00390625
0.00390625000000001
0.0035400390625
0.000976562499999993
0.0009765625
0.0035400390625
0.00390625
0.00390625
0.00390625
0.00390625
0.00390625
0.00390625000000001
0.00390625
0.00390625
0.00390625
0.00390625
0.00390625
0.00390625
0.00390625
0.0035400390625
0.000976562499999993
0.0009765625
0.0035400390625
0.00390625
0.00390625
0.00390625
0.00390625
0.00390625
0.00390625
0.00390625
0.00390625
0.00390624999999999
0.00390624999999999
0.00390625
0.00390625
0.00390625
0.0035400390625
0.000976562499999993
0.0009765625
0.0035400390625
0.00390625
0.00390625
0.00390625
0.00390625
0.00390624999999999
0.00390625
0.00390625
0.00390625
0.00390625
0.00390624999999999
0.00390625
0.00390625
0.00390625
0.0035400390625
0.000976562499999993
0.0009765625
0.0035400390625
0.00390625
0.00390625
0.00390625
0.00390625
0.00390625
0.00390625
0.00390625
0.00390625
0.00390625
0.00390625
0.00390625
0.00390625
0.00390625
0.0035400390625
0.000976562499999993
0.0009765625
0.00354003906250001
0.00390625
0.00390625
0.00390625
0.00390625
0.00390625
0.00390625
0.00390625000000001
0.00390625000000001
0.00390625
0.00390625
0.00390625
0.00390625
0.00390625
0.00354003906250001
0.000976562499999993
0.0009765625
0.003173828125
0.0035400390625
0.0035400390625
0.0035400390625
0.0035400390625
0.0035400390625
0.0035400390625
0.00354003906250001
0.00354003906250001
0.00354003906250001
0.0035400390625
0.0035400390625
0.0035400390625
0.00354003906250001
0.00317382812500001
0.000976562499999993
0.000976562499999997
0.000976562499999993
0.0009765625
0.0009765625
0.000976562499999993
0.0009765625
0.000976562500000007
0.0009765625
0.000976562499999993
0.000976562499999993
0.000976562499999993
0.000976562499999993
0.000976562499999993
0.000976562499999993
0.000976562499999993
0.000976562499999993
0.000976562499999993
0.0009765625
0.0009765625
0.0009765625
0.0009765625
0.0009765625
0.0009765625
0.0009765625
0.0009765625
0.0009765625
0.0009765625
0.0009765625
0.0009765625
0.0009765625
0.0009765625
0.0009765625
0.0009765625
0.000976562499999997
0.0009765625
0.003173828125
0.0035400390625
0.0035400390625
0.0035400390625
0.0035400390625
0.0035400390625
0.0035400390625
0.0035400390625
0.0035400390625
0.0035400390625
0.0035400390625
0.0035400390625
0.0035400390625
0.00354003906250001
0.003173828125
0.000976562499999993
0.0009765625
0.0035400390625
0.00390625
0.00390625
0.00390625
0.00390625
0.00390625
0.00390625
0.00390625
0.00390625
0.00390625
0.00390625
0.00390625
0.00390625
0.00390625
0.0035400390625
0.0009765625
0.0009765625
0.0035400390625
0.00390625
0.00390625
0.00390625
0.00390625
0.00390625
0.00390625
0.00390625
0.00390625
0.00390625
0.00390625
0.00390625
0.00390625
0.00390625
0.0035400390625
0.0009765625
0.0009765625
0.0035400390625
0.00390625
0.00390625
0.00390625
0.00390625
0.00390625
0.00390625
0.00390625
0.00390625
0.00390625
0.00390625
0.00390625
0.00390625
0.00390625
0.0035400390625
0.000976562499999993
0.0009765625
0.0035400390625
0.00390625
0.00390625
0.00390625
0.00390625
0.00390625
0.00390625
0.00390625
0.00390625
0.00390624999999999
0.00390624999999999
0.00390625
0.00390625
0.00390625
0.0035400390625
0.0009765625
0.0009765625
0.0035400390625
0.00390625
0.00390625
0.00390625
0.00390625
0.00390625
0.00390625
0.00390625
0.00390625
0.00390625
0.00390624999999999
0.00390625
0.00390625
0.00390625
0.0035400390625
0.0009765625
0.0009765625
0.0035400390625
0.00390625
0.00390625
0.00390625
0.00390625
0.00390625
0.00390625
0.00390625000000001
0.00390625000000001
0.00390625
0.00390625
0.00390625
0.00390625000000001
0.00390625000000001
0.00354003906250001
0.000976562499999993
0.0009765625
0.0035400390625
0.00390625
0.00390625
0.00390625
0.00390625
0.00390625
0.00390625
0.00390625000000001
0.00390625
0.00390625
0.00390625
0.00390625
0.00390625
0.00390625000000001
0.0035400390625
0.000976562499999993
0.0009765625
0.0035400390625
0.00390625
0.00390625
0.00390625
0.00390625
0.00390625
0.00390625000000001
0.00390625
0.00390625
0.00390625
0.00390625
0.00390625
0.00390625
0.00390625000000001
0.0035400390625
0.000976562499999993
0.0009765625
0.0035400390625
0.00390625
0.00390625
0.00390625
0.00390625
0.00390625
0.00390625000000001
0.00390625
0.00390625
0.00390625
0.00390625
0.00390625
0.00390625
0.00390625
0.0035400390625
0.000976562499999993
0.0009765625
0.0035400390625
0.00390625
0.00390625
0.00390625
0.00390625
0.00390625
0.00390625
0.00390625
0.00390625
0.00390624999999999
0.00390624999999999
0.00390625
0.00390625
0.00390625
0.0035400390625
0.000976562499999993
0.0009765625
0.0035400390625
0.00390625
0.00390625
0.00390625
0.00390625
0.00390624999999999
0.00390625
0.00390625
0.00390625
0.00390625
0.00390624999999999
0.00390625
0.00390625
0.00390625
0.0035400390625
0.000976562499999993
0.0009765625
0.0035400390625
0.00390625
0.00390625
0.00390625
0.00390625
0.00390625
0.00390625
0.00390625
0.00390625
0.00390625
0.00390625
0.00390625
0.00390625
0.00390625
0.0035400390625
0.000976562499999993
0.0009765625
0.00354003906250001
0.00390625
0.00390625
0.00390625
0.00390625
0.00390625
0.00390625
0.00390625000000001
0.00390625000000001
0.00390625
0.00390625
0.00390625
0.00390625
0.00390625
0.00354003906250001
0.000976562499999993
0.0009765625
0.003173828125
0.0035400390625
0.0035400390625
0.00354003906250001
0.0035400390625
0.0035400390625
0.0035400390625
0.00354003906250001
0.00354003906250001
0.00354003906250001
0.0035400390625
0.0035400390625
0.0035400390625
0.00354003906250001
0.00317382812500001
0.000976562499999993
0.000976562499999997
0.000976562499999993
0.0009765625
0.0009765625
0.000976562499999993
0.0009765625
0.000976562500000007
0.0009765625
0.000976562499999993
0.000976562499999993
0.000976562499999993
0.000976562499999993
0.000976562499999993
0.000976562499999993
0.000976562499999993
0.000976562499999993
0.000976562499999993
)
;

boundaryField
{
    left
    {
        type            zeroGradient;
    }
    right
    {
        type            zeroGradient;
    }
    front
    {
        type            zeroGradient;
    }
    back
    {
        type            zeroGradient;
    }
    emptyPatch
    {
        type            empty;
    }
}


// ************************************************************************* //
